0.000000 0.000000
0.001320 232727234.624887
0.001280 228498302.420122
0.001306 230238819.626922
0.001310 230125967.387742
0.001322 230882117.506803
0.001315 230363908.404203
0.001331 231895642.096123
0.001352 233577217.160578
0.001362 234868554.680099
0.001364 234521491.571885
0.001370 235389994.531145
0.001360 233904083.728284
0.001355 233128936.509730
0.001353 232230553.538921
0.001361 232907216.875459
0.001375 233725498.691331
0.001370 232491658.862646
0.001387 233754196.052709
0.001376 231897674.425729
0.001399 233958504.525953
0.001396 232742711.768595
0.001408 233418223.004096
0.001427 234849731.798997
0.001443 236059668.137798
0.001442 235345647.024041
0.001447 235035228.604610
0.001436 232577760.070846
0.001445 233090429.392748
0.001445 232943854.280007
0.001454 234383713.415424
0.001449 233469310.109030
0.001449 232857524.462866
0.001448 232395740.944165
0.001441 230989156.400246
0.001432 229337900.186122
0.001408 225171948.699348
0.001382 220973404.981194
0.001420 224348726.859643
0.001482 228924351.654055
0.001638 238123770.092857
0.001678 240399937.132213
0.001643 236276850.965893
0.001621 233830210.834267
0.001584 229732016.886573
0.001535 225106965.488004
0.001486 220568691.825544
0.001399 210327206.791834
0.001325 199561163.417010
0.001264 190730601.733090
0.001184 179743232.662662
0.001140 173284500.438575
0.001389 197920102.089977
0.001484 205347794.342321
0.001626 214131432.958753
0.001888 229933808.899291
0.001799 221861108.519285
0.001700 210821175.754187
0.001610 201047686.764817
0.001517 190945360.182698
0.001420 178441365.514663
0.001475 182364245.780053
0.001453 177743197.908721
0.001387 167058807.282596
0.001331 157733802.249172
0.001314 153647983.003295
0.001315 150634598.740923
0.001307 147389190.460188
0.001341 147927073.849897
0.001455 157805018.589463
0.001611 169031505.360970
0.001894 187580925.223772
0.001824 177493860.236720
0.001769 168322010.586916
0.001726 168148067.699470
0.001700 166432425.254165
0.001579 150067867.191184
0.001515 139838244.686256
0.001480 135020463.552565
0.001445 130100537.153415
0.001432 128867505.688570
0.001420 127448306.860561
0.001439 126106187.435676
0.001464 129181467.760877
0.001533 138013634.596999
0.001614 147950246.535227
0.001675 138498268.966094
0.001936 152529510.982434
0.002079 159572867.702145
0.002009 152677146.996676
0.001961 147618918.325782
0.001909 143181212.197322
0.001873 139878320.998247
0.001821 135860369.201797
0.001811 134397296.510839
0.001767 131373391.819612
0.001760 129856941.308340
0.001757 128770571.915667
0.001759 128423527.870175
0.001761 127768750.449648
0.001773 127619532.453468
0.001792 128219289.401147
0.001813 128606434.011980
0.001834 129461155.168559
0.001855 130192534.133437
0.001886 130293771.329485
0.001913 132423905.296591
0.001918 131759291.322258
0.001959 133614178.477252
0.001965 133496542.808568
0.002017 136528368.580044
0.002000 135270455.060920
0.002011 135160133.777255
0.002039 136670500.505029
0.002034 136499164.009607
0.002080 138223642.289040
0.002122 139288340.003199
0.002128 140095228.452202
0.002148 141793975.343763
0.002178 144433503.673152
0.002176 145242523.758654
0.002205 147587911.015626
0.002247 150363136.645136
0.002257 153221698.857174
0.002255 153637324.316007
0.002229 148994565.290939
0.002257 148142105.917983
0.002305 150758634.266806
0.002388 170240448.261133
0.002386 168883422.159048
0.002376 163342999.101323
0.002349 164789010.572904
0.002447 177770501.810689
0.002445 177410789.375083
0.002469 180302941.059158
0.002469 179266923.012703
0.002483 173503961.063531
0.002521 177184010.097189
0.002567 186412245.634200
0.002556 186271795.058190
0.002575 191914276.535399
0.002625 199452210.187331
0.002662 199546748.481048
0.002664 201471988.230627
0.002717 207289429.699005
0.002712 207861250.509160
0.002748 211640787.299885
0.002767 210999159.885267
0.002808 211758006.423073
0.002830 215763905.404779
0.002853 220774236.061811
0.002890 220591359.734333
0.002896 226004996.520056
0.002947 225409977.969910
0.002978 228499877.045500
0.003030 229165716.530427
0.003060 231468180.036918
0.003093 232563972.272410
0.003130 234988360.431663
0.003123 235120538.493053
0.003141 238284327.143766
0.003183 239176542.580621
0.003210 235950141.963766
0.003199 237727572.188008
0.003231 240222131.468208
0.003270 240306920.368999
0.000000 240014218.500678
0.000039 240591645.271317
0.000103 241345873.112340
0.000161 243770811.090864
0.000204 243166816.221096
0.000207 242789469.785906
0.000244 243554092.836190
0.000230 244849592.129866
0.000255 245812509.476477
0.000233 243611180.765609
0.000247 244181331.247523
0.000229 243739125.482609
0.000217 243322439.009244
0.000219 241184754.706814
0.000240 241761936.812611
0.000255 241105885.726327
0.000271 239945626.279846
0.000308 239613809.320434
0.000365 239214780.551061
0.000489 238987078.982222
0.000586 238284732.967728
0.000652 238059683.387388
0.000697 237520286.176845
0.000720 237303073.955743
0.000706 235389637.243369
0.000722 235294735.787427
0.000718 233248794.292177
0.000719 233254010.844096
0.000739 232597514.961102
0.000741 233661869.916098
0.000747 233168511.956079
0.000750 233232671.771400
0.000743 232790657.982939
0.000731 232293573.848924
0.000741 232080971.302177
0.000745 232127176.784496
0.000734 231231900.687122
0.000749 231211501.166951
0.000746 230704282.188859
0.000755 230571961.967467
0.000762 230285553.707670
0.000775 230122344.175647
0.000774 229515955.245487
0.000776 229030000.858905
0.000779 228377274.703277
0.000786 227878339.666992
0.000797 226072823.698397
0.000804 225871618.810014
0.000806 225542491.058126
0.000837 226943443.669954
0.000842 226827857.797533
0.000847 226930494.789322
0.000858 226875140.745502
0.000863 226688878.491362
0.000884 226197507.964990
0.000887 225631483.450462
0.000894 223877803.688878
0.000894 223337280.918399
0.000923 224227845.353986
0.000926 224317959.155343
0.000936 224505094.985682
0.000953 224758260.162761
0.000959 224611116.431264
0.000974 224629141.433154
0.000980 224215835.503352
0.000987 223450995.703961
0.000993 220997286.500241
0.001011 221686369.968265
0.001031 222299599.714215
0.001051 222844455.344104
0.001069 223659770.909540
0.001070 223493374.445759
0.001092 224136021.207633
0.001108 224506432.191276
0.001120 224735355.594203
0.001136 225125486.165460
0.001137 225124220.077480
0.001153 225561995.548529
0.001162 226091732.302585
0.001179 226627306.786071
0.001213 227496180.273699
0.001224 228265701.371702
0.001235 228851059.423633
0.001247 229583160.832021
0.001252 230352871.796274
0.001256 230495475.122141
0.001270 231210362.093918
0.001286 231756526.950110
0.001290 231303284.692777
0.001303 231944433.380704
0.001299 231922352.394575
0.001305 230719367.331456
0.001324 231803725.279686
0.001332 232124597.591006
0.001333 232039125.130588
0.001341 232486127.129983
0.001346 232853462.169714
0.001352 233113750.030644
0.001357 233083078.523116
0.001373 234686731.492188
0.001382 235196728.178256
0.001376 235120509.246129
0.001378 235083031.910247
0.001390 235805941.997878
0.001388 235556226.901246
0.001405 236791392.139098
0.001366 232947520.731004
0.001396 234994143.652835
0.001398 234807092.974372
0.001420 236246656.894375
0.001410 234820597.699369
0.001424 235388069.315007
0.001451 237635634.357163
0.001452 237474742.255703
0.001464 238097175.105303
0.001480 238657442.569069
0.001447 234440496.307896
0.001456 234919273.432737
0.001467 235848358.448761
0.001470 235723494.184888
0.001472 235947004.252295
0.001466 235377544.858320
0.001482 235762726.569144
0.001471 235063867.222903
0.001477 234556896.882749
0.001442 230079485.054415
0.001449 230394321.751224
0.001421 225686888.050853
0.001426 225266684.658139
0.001516 229921430.836105
0.001677 241379424.689230
0.001699 241558386.666222
0.001671 238445862.019748
0.001631 234045475.260145
0.001599 231317509.094001
0.001549 225893999.673977
0.001499 221370285.832015
0.001427 212835762.234818
0.001373 205810314.447519
0.001315 197455171.953382
0.001237 186385949.668458
0.001191 179792458.148428
0.001396 199592283.827821
0.001498 206490230.901080
0.001610 212710224.904910
0.001924 233870071.367639
0.001829 223027197.883114
0.001734 213155762.889593
0.001645 202839479.303128
0.001560 193385253.638245
0.001476 184077447.821589
0.001509 185554778.384778
0.001493 182163327.996017
0.001478 179058215.488002
0.001453 174122809.516939
0.001408 166487101.727149
0.001415 166845590.792670
0.001366 156224553.882147
0.001371 154390579.366313
0.001419 155679440.182317
0.001499 160470737.386620
0.001721 173926161.991243
0.001904 185174228.306098
0.001849 176254837.629480
0.001800 168888967.335132
0.001748 160530600.180485
0.001727 166690663.412807
0.001667 160152889.584229
0.001554 144056884.930310
0.001524 139055380.379401
0.001477 132927985.392131
0.001477 132061171.552220
0.001461 129454376.022020
0.001465 127634334.408496
0.001497 131754341.945550
0.001552 137396750.204124
0.001629 146950076.813649
0.001691 137247713.969277
0.001876 147993065.584677
0.002160 164914604.002691
0.002100 159773157.517739
0.002046 154888215.834058
0.002001 150267922.858805
0.001941 144060561.193601
0.001900 139962388.905182
0.001900 139532516.590762
0.001846 135182592.345236
0.001852 135232753.288510
0.001851 134241474.507963
0.001822 131789537.217011
0.001847 133175214.899710
0.001845 132407327.108021
0.001859 132515121.908251
0.001888 133656517.009306
0.001913 134858493.212064
0.001910 134058484.251575
0.001945 134733153.201616
0.001957 134916500.405557
0.001981 135302640.859031
0.002004 136443767.102031
0.001998 135963607.334041
0.002037 137065335.728869
0.002057 137742477.570723
0.002082 139076943.957014
0.002100 139255364.984880
0.002138 141079461.156400
0.002147 142140760.625956
0.002188 144793626.398655
0.002190 146120186.944272
0.002229 148903172.261325
0.002255 150929428.165447
0.002257 151134676.578750
0.002280 151997915.424398
0.002264 152060900.619116
0.002260 152974313.538704
0.002281 152463209.278155
0.002294 152693987.855844
0.002330 153944484.873690
0.002357 169256083.591231
0.002368 164749757.408666
0.002331 152936736.491138
0.002375 164968075.726308
0.002509 181601127.742790
0.002492 172030519.819132
0.002491 173025279.346475
0.002459 179074973.083249
0.002514 182415169.088305
0.002521 174522774.971899
0.002563 178985294.532332
0.002577 180647518.282479
0.002622 184039048.583879
0.002623 195094078.168624
0.002674 200444443.546025
0.002701 199777759.374392
0.002693 201971088.688036
0.002739 202150504.702255
0.002759 211209815.324468
0.002790 212297146.349163
0.002831 207111686.988458
0.002848 211099655.485490
0.002861 215843795.622882
0.002897 216254870.265524
0.002934 220544324.240219
0.002973 227248681.466329
0.002985 225199862.409585
0.003018 230352273.685167
0.003043 226582597.774388
0.003089 225971206.698291
0.003143 227021453.364293
0.003179 228354374.442223
0.003191 234291061.397289
0.003224 236143876.855421
0.003235 231522738.137985
0.003254 234631664.018895
0.003273 237037970.368958
0.003298 239184359.128840
0.003291 236040435.201811
0.003310 237840858.920565
0.000016 238780426.535020
0.000071 239736082.180687
0.000118 241137212.679441
0.000188 241707221.824986
0.000255 244006206.433612
0.000275 245259152.443982
0.000306 243846836.068249
0.000322 243440008.237867
0.000345 243149604.164920
0.000330 242150997.631056
0.000342 243414163.446682
0.000364 243201803.198794
0.000356 242819432.822363
0.000354 242309615.416969
0.000343 240434933.639744
0.000354 240745354.187258
0.000349 240111546.024618
0.000359 239595069.514310
0.000364 239439582.022987
0.000376 238604082.065457
0.000395 237728119.763387
0.000422 236874164.082431
0.000470 236170754.019763
0.000557 235937740.220358
0.000643 234451175.381229
0.000725 234395012.519353
0.000762 235387721.391854
0.000814 234697053.555192
0.000819 233580315.578392
0.000837 233663268.170779
0.000837 233001823.768309
0.000856 232791536.676435
0.000853 231779522.692085
0.000865 231791023.596039
0.000879 231819790.159299
0.000885 231567989.746648
0.000884 231164043.731948
0.000864 228635584.891866
0.000884 229630486.920520
0.000884 229018948.169261
0.000884 228490601.096699
0.000906 229395726.544981
0.000915 229234020.701300
0.000908 228754301.495018
0.000925 229056005.760715
0.000920 228224627.567084
0.000926 227917807.685003
0.000938 227883590.496262
0.000939 226848097.022130
0.000944 225403015.473132
0.000951 223758487.692726
0.000975 225314995.092630
0.000971 224843992.890462
0.000977 224466251.449189
0.000992 224814266.067436
0.000998 225043900.032365
0.001015 225542837.566926
0.001023 225730550.264778
0.001031 225923040.751175
0.001043 225854175.904396
0.001043 225584239.703982
0.001048 225461128.448185
0.001068 225240882.043156
0.001076 222837878.478297
0.001092 223518814.838985
0.001093 223924568.912961
0.001096 224299800.704601
0.001116 224936583.852818
0.001130 225496221.477140
0.001135 225676569.575678
0.001151 226172706.672260
0.001157 226548033.038354
0.001178 227215091.956247
0.001187 227374994.167585
0.001200 227514921.739111
0.001205 227959308.762519
0.001222 228090556.838828
